{
 "cells": [
  {
   "cell_type": "markdown",
   "id": "25eb50c2",
   "metadata": {},
   "source": [
    "## Results Summary\n",
    "\n",
    "This notebook will focus on comparing the performance of models in 04_model_training.ipynb using:\n",
    "- Confusion matrix\n",
    "- Classificiation report"
   ]
  },
  {
   "cell_type": "code",
   "execution_count": 1,
   "id": "88fd9af4",
   "metadata": {},
   "outputs": [],
   "source": [
    "# Import libraries\n",
    "import pandas as pd\n",
    "import numpy as np\n",
    "import matplotlib.pyplot as plt\n",
    "import seaborn as sns\n",
    "import pickle"
   ]
  },
  {
   "cell_type": "code",
   "execution_count": null,
   "id": "a3914164",
   "metadata": {},
   "outputs": [
    {
     "data": {
      "text/plain": [
       "{'Decision Tree': array([[0.17595345, 0.69100857, 0.13303798],\n",
       "        [0.30046182, 0.09372897, 0.60580921],\n",
       "        [0.17595345, 0.69100857, 0.13303798],\n",
       "        [0.07781694, 0.78769803, 0.13448503],\n",
       "        [0.07781694, 0.78769803, 0.13448503],\n",
       "        [0.97571485, 0.02428515, 0.        ],\n",
       "        [0.07781694, 0.78769803, 0.13448503],\n",
       "        [0.07781694, 0.78769803, 0.13448503],\n",
       "        [0.18713533, 0.24689439, 0.56597027],\n",
       "        [0.18713533, 0.24689439, 0.56597027],\n",
       "        [0.70150576, 0.07117704, 0.2273172 ],\n",
       "        [0.97571485, 0.02428515, 0.        ],\n",
       "        [0.07781694, 0.78769803, 0.13448503],\n",
       "        [0.17595345, 0.69100857, 0.13303798],\n",
       "        [0.07781694, 0.78769803, 0.13448503],\n",
       "        [0.18713533, 0.24689439, 0.56597027],\n",
       "        [0.97571485, 0.02428515, 0.        ],\n",
       "        [0.07781694, 0.78769803, 0.13448503],\n",
       "        [0.30046182, 0.09372897, 0.60580921],\n",
       "        [0.07781694, 0.78769803, 0.13448503],\n",
       "        [0.07781694, 0.78769803, 0.13448503],\n",
       "        [0.07781694, 0.78769803, 0.13448503],\n",
       "        [0.18713533, 0.24689439, 0.56597027],\n",
       "        [0.17595345, 0.69100857, 0.13303798],\n",
       "        [0.70150576, 0.07117704, 0.2273172 ],\n",
       "        [0.18713533, 0.24689439, 0.56597027],\n",
       "        [0.07781694, 0.78769803, 0.13448503],\n",
       "        [0.07781694, 0.78769803, 0.13448503],\n",
       "        [0.07781694, 0.78769803, 0.13448503],\n",
       "        [0.07781694, 0.78769803, 0.13448503],\n",
       "        [0.07781694, 0.78769803, 0.13448503],\n",
       "        [0.07781694, 0.78769803, 0.13448503],\n",
       "        [0.07781694, 0.78769803, 0.13448503],\n",
       "        [0.07781694, 0.78769803, 0.13448503],\n",
       "        [0.07781694, 0.78769803, 0.13448503],\n",
       "        [0.18713533, 0.24689439, 0.56597027],\n",
       "        [0.17595345, 0.69100857, 0.13303798],\n",
       "        [0.70150576, 0.07117704, 0.2273172 ],\n",
       "        [0.17595345, 0.69100857, 0.13303798],\n",
       "        [0.30046182, 0.09372897, 0.60580921],\n",
       "        [0.07781694, 0.78769803, 0.13448503],\n",
       "        [0.07781694, 0.78769803, 0.13448503],\n",
       "        [0.18713533, 0.24689439, 0.56597027],\n",
       "        [0.18713533, 0.24689439, 0.56597027],\n",
       "        [0.07781694, 0.78769803, 0.13448503],\n",
       "        [0.17595345, 0.69100857, 0.13303798],\n",
       "        [0.07781694, 0.78769803, 0.13448503],\n",
       "        [0.30046182, 0.09372897, 0.60580921],\n",
       "        [0.07781694, 0.78769803, 0.13448503],\n",
       "        [0.79956897, 0.20043103, 0.        ],\n",
       "        [0.17595345, 0.69100857, 0.13303798],\n",
       "        [0.30046182, 0.09372897, 0.60580921],\n",
       "        [0.17595345, 0.69100857, 0.13303798],\n",
       "        [0.07781694, 0.78769803, 0.13448503],\n",
       "        [0.07781694, 0.78769803, 0.13448503],\n",
       "        [0.18713533, 0.24689439, 0.56597027],\n",
       "        [0.07781694, 0.78769803, 0.13448503],\n",
       "        [0.97571485, 0.02428515, 0.        ],\n",
       "        [0.07781694, 0.78769803, 0.13448503],\n",
       "        [0.07781694, 0.78769803, 0.13448503],\n",
       "        [0.18713533, 0.24689439, 0.56597027],\n",
       "        [0.07781694, 0.78769803, 0.13448503],\n",
       "        [0.07781694, 0.78769803, 0.13448503],\n",
       "        [0.97571485, 0.02428515, 0.        ],\n",
       "        [0.17595345, 0.69100857, 0.13303798],\n",
       "        [0.17595345, 0.69100857, 0.13303798],\n",
       "        [0.18713533, 0.24689439, 0.56597027],\n",
       "        [0.18713533, 0.24689439, 0.56597027],\n",
       "        [0.18713533, 0.24689439, 0.56597027],\n",
       "        [0.18713533, 0.24689439, 0.56597027],\n",
       "        [0.30046182, 0.09372897, 0.60580921],\n",
       "        [0.17595345, 0.69100857, 0.13303798],\n",
       "        [0.18713533, 0.24689439, 0.56597027],\n",
       "        [0.17595345, 0.69100857, 0.13303798],\n",
       "        [0.07781694, 0.78769803, 0.13448503],\n",
       "        [0.07781694, 0.78769803, 0.13448503],\n",
       "        [0.18713533, 0.24689439, 0.56597027],\n",
       "        [0.07781694, 0.78769803, 0.13448503],\n",
       "        [0.70150576, 0.07117704, 0.2273172 ],\n",
       "        [0.07781694, 0.78769803, 0.13448503],\n",
       "        [0.07781694, 0.78769803, 0.13448503],\n",
       "        [0.18713533, 0.24689439, 0.56597027],\n",
       "        [0.18713533, 0.24689439, 0.56597027],\n",
       "        [0.18713533, 0.24689439, 0.56597027],\n",
       "        [0.97571485, 0.02428515, 0.        ],\n",
       "        [0.07781694, 0.78769803, 0.13448503],\n",
       "        [0.07781694, 0.78769803, 0.13448503],\n",
       "        [0.18713533, 0.24689439, 0.56597027],\n",
       "        [0.18713533, 0.24689439, 0.56597027],\n",
       "        [0.07781694, 0.78769803, 0.13448503],\n",
       "        [0.18713533, 0.24689439, 0.56597027],\n",
       "        [0.07781694, 0.78769803, 0.13448503],\n",
       "        [0.18713533, 0.24689439, 0.56597027],\n",
       "        [0.07781694, 0.78769803, 0.13448503],\n",
       "        [0.17595345, 0.69100857, 0.13303798],\n",
       "        [0.18713533, 0.24689439, 0.56597027],\n",
       "        [0.30046182, 0.09372897, 0.60580921],\n",
       "        [0.18713533, 0.24689439, 0.56597027],\n",
       "        [0.18713533, 0.24689439, 0.56597027],\n",
       "        [0.17595345, 0.69100857, 0.13303798],\n",
       "        [0.18713533, 0.24689439, 0.56597027],\n",
       "        [0.30046182, 0.09372897, 0.60580921],\n",
       "        [0.18713533, 0.24689439, 0.56597027],\n",
       "        [0.18713533, 0.24689439, 0.56597027],\n",
       "        [0.18713533, 0.24689439, 0.56597027],\n",
       "        [0.18713533, 0.24689439, 0.56597027],\n",
       "        [0.70150576, 0.07117704, 0.2273172 ],\n",
       "        [0.18713533, 0.24689439, 0.56597027],\n",
       "        [0.        , 0.18101545, 0.81898455],\n",
       "        [0.18713533, 0.24689439, 0.56597027],\n",
       "        [0.07781694, 0.78769803, 0.13448503],\n",
       "        [0.07781694, 0.78769803, 0.13448503],\n",
       "        [0.18713533, 0.24689439, 0.56597027],\n",
       "        [0.07781694, 0.78769803, 0.13448503],\n",
       "        [0.97571485, 0.02428515, 0.        ],\n",
       "        [0.30046182, 0.09372897, 0.60580921],\n",
       "        [0.18713533, 0.24689439, 0.56597027],\n",
       "        [0.07781694, 0.78769803, 0.13448503],\n",
       "        [0.07781694, 0.78769803, 0.13448503],\n",
       "        [0.70150576, 0.07117704, 0.2273172 ],\n",
       "        [0.30046182, 0.09372897, 0.60580921],\n",
       "        [0.07781694, 0.78769803, 0.13448503],\n",
       "        [0.07781694, 0.78769803, 0.13448503],\n",
       "        [0.18713533, 0.24689439, 0.56597027],\n",
       "        [0.97571485, 0.02428515, 0.        ],\n",
       "        [0.30046182, 0.09372897, 0.60580921],\n",
       "        [0.18713533, 0.24689439, 0.56597027],\n",
       "        [0.18713533, 0.24689439, 0.56597027],\n",
       "        [0.97571485, 0.02428515, 0.        ],\n",
       "        [0.07781694, 0.78769803, 0.13448503],\n",
       "        [0.07781694, 0.78769803, 0.13448503],\n",
       "        [0.70150576, 0.07117704, 0.2273172 ],\n",
       "        [0.18713533, 0.24689439, 0.56597027],\n",
       "        [0.07781694, 0.78769803, 0.13448503],\n",
       "        [0.18713533, 0.24689439, 0.56597027],\n",
       "        [0.07781694, 0.78769803, 0.13448503],\n",
       "        [0.07781694, 0.78769803, 0.13448503],\n",
       "        [0.18713533, 0.24689439, 0.56597027],\n",
       "        [0.07781694, 0.78769803, 0.13448503],\n",
       "        [0.07781694, 0.78769803, 0.13448503],\n",
       "        [0.18713533, 0.24689439, 0.56597027],\n",
       "        [0.07781694, 0.78769803, 0.13448503],\n",
       "        [0.17595345, 0.69100857, 0.13303798],\n",
       "        [0.97571485, 0.02428515, 0.        ],\n",
       "        [0.07781694, 0.78769803, 0.13448503],\n",
       "        [0.07781694, 0.78769803, 0.13448503],\n",
       "        [0.07781694, 0.78769803, 0.13448503],\n",
       "        [0.07781694, 0.78769803, 0.13448503],\n",
       "        [0.07781694, 0.78769803, 0.13448503],\n",
       "        [0.17595345, 0.69100857, 0.13303798],\n",
       "        [0.07781694, 0.78769803, 0.13448503],\n",
       "        [0.30046182, 0.09372897, 0.60580921],\n",
       "        [0.07781694, 0.78769803, 0.13448503],\n",
       "        [0.07781694, 0.78769803, 0.13448503],\n",
       "        [0.17595345, 0.69100857, 0.13303798],\n",
       "        [0.07781694, 0.78769803, 0.13448503],\n",
       "        [0.17595345, 0.69100857, 0.13303798],\n",
       "        [0.07781694, 0.78769803, 0.13448503],\n",
       "        [0.18713533, 0.24689439, 0.56597027],\n",
       "        [0.18713533, 0.24689439, 0.56597027],\n",
       "        [0.07781694, 0.78769803, 0.13448503],\n",
       "        [0.18713533, 0.24689439, 0.56597027],\n",
       "        [0.07781694, 0.78769803, 0.13448503],\n",
       "        [0.97571485, 0.02428515, 0.        ],\n",
       "        [0.17595345, 0.69100857, 0.13303798],\n",
       "        [0.18713533, 0.24689439, 0.56597027],\n",
       "        [0.18713533, 0.24689439, 0.56597027],\n",
       "        [0.07781694, 0.78769803, 0.13448503],\n",
       "        [0.17595345, 0.69100857, 0.13303798],\n",
       "        [0.18713533, 0.24689439, 0.56597027],\n",
       "        [0.97571485, 0.02428515, 0.        ],\n",
       "        [0.        , 0.18101545, 0.81898455],\n",
       "        [0.97571485, 0.02428515, 0.        ],\n",
       "        [0.30046182, 0.09372897, 0.60580921],\n",
       "        [0.18713533, 0.24689439, 0.56597027],\n",
       "        [0.07781694, 0.78769803, 0.13448503],\n",
       "        [0.18713533, 0.24689439, 0.56597027],\n",
       "        [0.07781694, 0.78769803, 0.13448503],\n",
       "        [0.18713533, 0.24689439, 0.56597027],\n",
       "        [0.30046182, 0.09372897, 0.60580921],\n",
       "        [0.07781694, 0.78769803, 0.13448503],\n",
       "        [0.18713533, 0.24689439, 0.56597027],\n",
       "        [0.07781694, 0.78769803, 0.13448503],\n",
       "        [0.18713533, 0.24689439, 0.56597027],\n",
       "        [0.07781694, 0.78769803, 0.13448503],\n",
       "        [0.07781694, 0.78769803, 0.13448503],\n",
       "        [0.30046182, 0.09372897, 0.60580921],\n",
       "        [0.07781694, 0.78769803, 0.13448503],\n",
       "        [0.18713533, 0.24689439, 0.56597027],\n",
       "        [0.07781694, 0.78769803, 0.13448503],\n",
       "        [0.18713533, 0.24689439, 0.56597027],\n",
       "        [0.07781694, 0.78769803, 0.13448503],\n",
       "        [0.07781694, 0.78769803, 0.13448503],\n",
       "        [0.18713533, 0.24689439, 0.56597027],\n",
       "        [0.07781694, 0.78769803, 0.13448503],\n",
       "        [0.07781694, 0.78769803, 0.13448503],\n",
       "        [0.        , 0.18101545, 0.81898455],\n",
       "        [0.17595345, 0.69100857, 0.13303798],\n",
       "        [0.07781694, 0.78769803, 0.13448503],\n",
       "        [0.30046182, 0.09372897, 0.60580921],\n",
       "        [0.07781694, 0.78769803, 0.13448503],\n",
       "        [0.17595345, 0.69100857, 0.13303798],\n",
       "        [0.70150576, 0.07117704, 0.2273172 ],\n",
       "        [0.18713533, 0.24689439, 0.56597027],\n",
       "        [0.07781694, 0.78769803, 0.13448503],\n",
       "        [0.18713533, 0.24689439, 0.56597027],\n",
       "        [0.07781694, 0.78769803, 0.13448503],\n",
       "        [0.18713533, 0.24689439, 0.56597027],\n",
       "        [0.07781694, 0.78769803, 0.13448503],\n",
       "        [0.18713533, 0.24689439, 0.56597027],\n",
       "        [0.18713533, 0.24689439, 0.56597027],\n",
       "        [0.30046182, 0.09372897, 0.60580921],\n",
       "        [0.30046182, 0.09372897, 0.60580921],\n",
       "        [0.97571485, 0.02428515, 0.        ],\n",
       "        [0.97571485, 0.02428515, 0.        ],\n",
       "        [0.70150576, 0.07117704, 0.2273172 ],\n",
       "        [0.07781694, 0.78769803, 0.13448503],\n",
       "        [0.17595345, 0.69100857, 0.13303798],\n",
       "        [0.70150576, 0.07117704, 0.2273172 ],\n",
       "        [0.07781694, 0.78769803, 0.13448503],\n",
       "        [0.18713533, 0.24689439, 0.56597027],\n",
       "        [0.18713533, 0.24689439, 0.56597027],\n",
       "        [0.17595345, 0.69100857, 0.13303798],\n",
       "        [0.17595345, 0.69100857, 0.13303798],\n",
       "        [0.70150576, 0.07117704, 0.2273172 ],\n",
       "        [0.07781694, 0.78769803, 0.13448503],\n",
       "        [0.07781694, 0.78769803, 0.13448503]]),\n",
       " 'Random Forest': array([[0.16603269, 0.62676252, 0.20720479],\n",
       "        [0.47446501, 0.25029526, 0.27523972],\n",
       "        [0.19314652, 0.41815704, 0.38869644],\n",
       "        [0.07880662, 0.63962682, 0.28156656],\n",
       "        [0.05511865, 0.87575168, 0.06912968],\n",
       "        [0.85514822, 0.11693731, 0.02791447],\n",
       "        [0.23883513, 0.4534817 , 0.30768317],\n",
       "        [0.15734239, 0.54694848, 0.29570913],\n",
       "        [0.18343798, 0.49472282, 0.3218392 ],\n",
       "        [0.1780334 , 0.53102192, 0.29094468],\n",
       "        [0.56918304, 0.26658787, 0.16422908],\n",
       "        [0.79579109, 0.11174047, 0.09246845],\n",
       "        [0.04634168, 0.87871585, 0.07494247],\n",
       "        [0.60021213, 0.18826564, 0.21152223],\n",
       "        [0.21434691, 0.53079785, 0.25485524],\n",
       "        [0.14561756, 0.48610806, 0.36827438],\n",
       "        [0.76922232, 0.18252287, 0.04825481],\n",
       "        [0.04518185, 0.89087324, 0.06394491],\n",
       "        [0.61976149, 0.13975387, 0.24048464],\n",
       "        [0.05348068, 0.75858756, 0.18793176],\n",
       "        [0.16749372, 0.65730629, 0.17519998],\n",
       "        [0.17226829, 0.59751148, 0.23022024],\n",
       "        [0.10492798, 0.65903605, 0.23603597],\n",
       "        [0.13515758, 0.64587668, 0.21896574],\n",
       "        [0.6678372 , 0.14662433, 0.18553847],\n",
       "        [0.14666563, 0.51585395, 0.33748042],\n",
       "        [0.03961781, 0.86782448, 0.09255771],\n",
       "        [0.07490083, 0.75035476, 0.17474441],\n",
       "        [0.17746003, 0.60782566, 0.21471431],\n",
       "        [0.10952291, 0.84293508, 0.04754202],\n",
       "        [0.14430927, 0.57853547, 0.27715526],\n",
       "        [0.0597564 , 0.80458981, 0.13565379],\n",
       "        [0.10708626, 0.82330822, 0.06960552],\n",
       "        [0.07295101, 0.79828931, 0.12875968],\n",
       "        [0.12284438, 0.81094683, 0.06620879],\n",
       "        [0.24560187, 0.42082685, 0.33357128],\n",
       "        [0.20246597, 0.45897784, 0.33855619],\n",
       "        [0.29758101, 0.28240033, 0.42001866],\n",
       "        [0.19097875, 0.5957158 , 0.21330545],\n",
       "        [0.26133166, 0.18346035, 0.55520799],\n",
       "        [0.06018532, 0.89033994, 0.04947475],\n",
       "        [0.13697366, 0.60954436, 0.25348198],\n",
       "        [0.22163007, 0.43848023, 0.3398897 ],\n",
       "        [0.36882381, 0.27177447, 0.35940173],\n",
       "        [0.10480198, 0.66967962, 0.2255184 ],\n",
       "        [0.14311058, 0.56612702, 0.2907624 ],\n",
       "        [0.13127279, 0.74241964, 0.12630758],\n",
       "        [0.51269405, 0.12051398, 0.36679197],\n",
       "        [0.11712509, 0.7130645 , 0.16981041],\n",
       "        [0.86740621, 0.13259379, 0.        ],\n",
       "        [0.11026983, 0.65166107, 0.2380691 ],\n",
       "        [0.54507089, 0.18697496, 0.26795415],\n",
       "        [0.12358212, 0.53707779, 0.3393401 ],\n",
       "        [0.10307739, 0.74627136, 0.15065125],\n",
       "        [0.14107583, 0.56201959, 0.29690458],\n",
       "        [0.30037954, 0.25088894, 0.44873152],\n",
       "        [0.10686701, 0.72665021, 0.16648278],\n",
       "        [0.81925014, 0.02280803, 0.15794183],\n",
       "        [0.06169638, 0.88957433, 0.04872929],\n",
       "        [0.03684666, 0.8945871 , 0.06856624],\n",
       "        [0.22034954, 0.53862389, 0.24102657],\n",
       "        [0.05706856, 0.86503517, 0.07789626],\n",
       "        [0.20011828, 0.60596085, 0.19392087],\n",
       "        [0.93310959, 0.02807897, 0.03881143],\n",
       "        [0.18660131, 0.42499784, 0.38840085],\n",
       "        [0.1045122 , 0.69070878, 0.20477902],\n",
       "        [0.11972558, 0.51865909, 0.36161533],\n",
       "        [0.24677105, 0.30776422, 0.44546473],\n",
       "        [0.16172865, 0.59057079, 0.24770057],\n",
       "        [0.27207212, 0.32074436, 0.40718352],\n",
       "        [0.32884738, 0.35861757, 0.31253504],\n",
       "        [0.09812555, 0.62679259, 0.27508187],\n",
       "        [0.24614962, 0.37625136, 0.37759903],\n",
       "        [0.09868171, 0.70018521, 0.20113307],\n",
       "        [0.05507343, 0.87654919, 0.06837738],\n",
       "        [0.24514372, 0.53007542, 0.22478086],\n",
       "        [0.19634259, 0.50624097, 0.29741644],\n",
       "        [0.12213527, 0.7333627 , 0.14450203],\n",
       "        [0.40170692, 0.39292868, 0.2053644 ],\n",
       "        [0.05510693, 0.79260943, 0.15228364],\n",
       "        [0.18297468, 0.60345008, 0.21357524],\n",
       "        [0.12023035, 0.67983864, 0.199931  ],\n",
       "        [0.25391575, 0.39573101, 0.35035323],\n",
       "        [0.12112032, 0.52206683, 0.35681285],\n",
       "        [0.74613936, 0.21838035, 0.03548029],\n",
       "        [0.07671659, 0.85852367, 0.06475974],\n",
       "        [0.1166679 , 0.61722922, 0.26610288],\n",
       "        [0.11010594, 0.59647492, 0.29341914],\n",
       "        [0.25024001, 0.43099088, 0.3187691 ],\n",
       "        [0.10083522, 0.68688546, 0.21227932],\n",
       "        [0.39444111, 0.24332587, 0.36223302],\n",
       "        [0.051245  , 0.85833611, 0.09041889],\n",
       "        [0.37341969, 0.22946035, 0.39711996],\n",
       "        [0.12865081, 0.71440332, 0.15694587],\n",
       "        [0.07792956, 0.53528216, 0.38678828],\n",
       "        [0.13555622, 0.49409136, 0.37035242],\n",
       "        [0.23655807, 0.42284041, 0.34060151],\n",
       "        [0.12820418, 0.56003409, 0.31176173],\n",
       "        [0.1514508 , 0.27264212, 0.57590709],\n",
       "        [0.07142241, 0.60594561, 0.32263198],\n",
       "        [0.16029894, 0.5909133 , 0.24878776],\n",
       "        [0.48471838, 0.19723628, 0.31804534],\n",
       "        [0.10032087, 0.55773138, 0.34194776],\n",
       "        [0.08116497, 0.51369852, 0.40513651],\n",
       "        [0.18385079, 0.53169183, 0.28445738],\n",
       "        [0.22223742, 0.46911554, 0.30864703],\n",
       "        [0.39104324, 0.18463363, 0.42432313],\n",
       "        [0.16473366, 0.41527658, 0.41998976],\n",
       "        [0.08999189, 0.79584712, 0.11416098],\n",
       "        [0.37251967, 0.28896975, 0.33851058],\n",
       "        [0.14631849, 0.79548467, 0.05819684],\n",
       "        [0.06695442, 0.87545258, 0.057593  ],\n",
       "        [0.11400301, 0.59242713, 0.29356985],\n",
       "        [0.24252285, 0.41927476, 0.33820238],\n",
       "        [0.84262559, 0.08913964, 0.06823477],\n",
       "        [0.3426289 , 0.24751463, 0.40985647],\n",
       "        [0.21080318, 0.31591878, 0.47327804],\n",
       "        [0.14482638, 0.68289996, 0.17227366],\n",
       "        [0.05600005, 0.79982894, 0.14417101],\n",
       "        [0.49659486, 0.22851781, 0.27488733],\n",
       "        [0.49041737, 0.12379924, 0.38578339],\n",
       "        [0.13212941, 0.55658823, 0.31128235],\n",
       "        [0.06500978, 0.85743287, 0.07755735],\n",
       "        [0.12680839, 0.54119739, 0.33199422],\n",
       "        [0.86969803, 0.09247004, 0.03783193],\n",
       "        [0.59558281, 0.21549853, 0.18891866],\n",
       "        [0.27581114, 0.30961404, 0.41457482],\n",
       "        [0.20371154, 0.32978537, 0.4665031 ],\n",
       "        [0.77068843, 0.09606884, 0.13324274],\n",
       "        [0.072168  , 0.88737114, 0.04046086],\n",
       "        [0.06239263, 0.85793232, 0.07967505],\n",
       "        [0.57762959, 0.20641796, 0.21595245],\n",
       "        [0.2088153 , 0.50844858, 0.28273611],\n",
       "        [0.04047808, 0.8606611 , 0.09886082],\n",
       "        [0.3117115 , 0.35702079, 0.33126771],\n",
       "        [0.05152155, 0.87578479, 0.07269366],\n",
       "        [0.06389619, 0.82927781, 0.106826  ],\n",
       "        [0.13641793, 0.56377553, 0.29980654],\n",
       "        [0.08408906, 0.77984739, 0.13606355],\n",
       "        [0.07273015, 0.79839015, 0.1288797 ],\n",
       "        [0.11199557, 0.7348532 , 0.15315123],\n",
       "        [0.0831036 , 0.76286668, 0.15402972],\n",
       "        [0.09809642, 0.64743199, 0.25447159],\n",
       "        [0.85441718, 0.13734005, 0.00824277],\n",
       "        [0.06138901, 0.87793663, 0.06067436],\n",
       "        [0.15130435, 0.58156764, 0.26712801],\n",
       "        [0.08549616, 0.79310417, 0.12139967],\n",
       "        [0.07178028, 0.83752725, 0.09069247],\n",
       "        [0.0794996 , 0.81021234, 0.11028806],\n",
       "        [0.07986563, 0.70209528, 0.21803908],\n",
       "        [0.07287113, 0.84866094, 0.07846793],\n",
       "        [0.34069437, 0.25829313, 0.4010125 ],\n",
       "        [0.15212841, 0.62793926, 0.21993233],\n",
       "        [0.04908788, 0.87742328, 0.07348885],\n",
       "        [0.08233755, 0.7537807 , 0.16388174],\n",
       "        [0.0925111 , 0.84196289, 0.06552601],\n",
       "        [0.23334387, 0.35581224, 0.41084389],\n",
       "        [0.02776057, 0.69933002, 0.27290941],\n",
       "        [0.36402597, 0.33732282, 0.29865121],\n",
       "        [0.29104447, 0.280144  , 0.42881153],\n",
       "        [0.15066919, 0.59787831, 0.2514525 ],\n",
       "        [0.19720367, 0.53716639, 0.26562994],\n",
       "        [0.07901937, 0.85549956, 0.06548106],\n",
       "        [0.94053394, 0.05132937, 0.00813669],\n",
       "        [0.12442766, 0.61719118, 0.25838116],\n",
       "        [0.29978945, 0.2447616 , 0.45544895],\n",
       "        [0.18129334, 0.49717933, 0.32152733],\n",
       "        [0.20251105, 0.52098065, 0.27650831],\n",
       "        [0.1947804 , 0.57623841, 0.22898119],\n",
       "        [0.21419519, 0.50906983, 0.27673497],\n",
       "        [0.87794117, 0.0294932 , 0.09256563],\n",
       "        [0.13682859, 0.37831406, 0.48485735],\n",
       "        [0.7365245 , 0.18660738, 0.07686812],\n",
       "        [0.56157857, 0.11463704, 0.32378439],\n",
       "        [0.55199695, 0.29989481, 0.14810824],\n",
       "        [0.08125257, 0.82506403, 0.0936834 ],\n",
       "        [0.23573942, 0.56321249, 0.20104809],\n",
       "        [0.15676388, 0.63351009, 0.20972603],\n",
       "        [0.62767925, 0.3010967 , 0.07122405],\n",
       "        [0.37588972, 0.37802947, 0.24608081],\n",
       "        [0.19746371, 0.43157024, 0.37096605],\n",
       "        [0.1609117 , 0.43968136, 0.39940694],\n",
       "        [0.11989732, 0.63631524, 0.24378745],\n",
       "        [0.29051975, 0.34970197, 0.35977828],\n",
       "        [0.17987626, 0.66545184, 0.1546719 ],\n",
       "        [0.06339056, 0.85227149, 0.08433795],\n",
       "        [0.33439777, 0.25158341, 0.41401883],\n",
       "        [0.07649781, 0.86558126, 0.05792093],\n",
       "        [0.29877609, 0.25667501, 0.4445489 ],\n",
       "        [0.15756679, 0.54149388, 0.30093933],\n",
       "        [0.11216454, 0.64975121, 0.23808425],\n",
       "        [0.17855832, 0.64863458, 0.17280711],\n",
       "        [0.05407809, 0.88089556, 0.06502636],\n",
       "        [0.20036793, 0.5711016 , 0.22853046],\n",
       "        [0.03504795, 0.8576274 , 0.10732465],\n",
       "        [0.22835203, 0.46585485, 0.30579312],\n",
       "        [0.06542324, 0.83119501, 0.10338176],\n",
       "        [0.13568008, 0.56981986, 0.29450005],\n",
       "        [0.04012677, 0.87627482, 0.08359841],\n",
       "        [0.69419993, 0.1356655 , 0.17013457],\n",
       "        [0.07514526, 0.83709925, 0.08775548],\n",
       "        [0.18689845, 0.45853059, 0.35457096],\n",
       "        [0.41407164, 0.29609095, 0.28983741],\n",
       "        [0.20352278, 0.52652918, 0.26994804],\n",
       "        [0.22189957, 0.57646762, 0.20163281],\n",
       "        [0.14598774, 0.57667243, 0.27733983],\n",
       "        [0.06925029, 0.77798983, 0.15275988],\n",
       "        [0.13653407, 0.65934292, 0.204123  ],\n",
       "        [0.05509839, 0.84722212, 0.09767949],\n",
       "        [0.20407445, 0.4572858 , 0.33863976],\n",
       "        [0.41740979, 0.46323522, 0.11935499],\n",
       "        [0.37604317, 0.37888754, 0.24506929],\n",
       "        [0.31826243, 0.39963971, 0.28209786],\n",
       "        [0.86793924, 0.06982915, 0.0622316 ],\n",
       "        [0.91163663, 0.05982636, 0.02853701],\n",
       "        [0.29036221, 0.23097068, 0.47866711],\n",
       "        [0.09821857, 0.76172055, 0.14006088],\n",
       "        [0.12522988, 0.60074805, 0.27402207],\n",
       "        [0.42721706, 0.36031432, 0.21246862],\n",
       "        [0.18226285, 0.71701848, 0.10071867],\n",
       "        [0.14070613, 0.57739165, 0.28190222],\n",
       "        [0.2617646 , 0.47220292, 0.26603248],\n",
       "        [0.11118705, 0.7154551 , 0.17335786],\n",
       "        [0.17563209, 0.50080012, 0.32356779],\n",
       "        [0.38176357, 0.23136673, 0.3868697 ],\n",
       "        [0.04518185, 0.89087324, 0.06394491],\n",
       "        [0.04082347, 0.86976532, 0.08941121]]),\n",
       " 'XGBoost': array([[5.01730405e-02, 9.38359797e-01, 1.14672286e-02],\n",
       "        [2.52094716e-01, 5.05265713e-01, 2.42639616e-01],\n",
       "        [1.21474322e-02, 9.33694482e-01, 5.41581027e-02],\n",
       "        [3.25896638e-03, 9.77925897e-01, 1.88151263e-02],\n",
       "        [1.62542087e-03, 9.94964898e-01, 3.40967928e-03],\n",
       "        [9.60351706e-01, 3.50225233e-02, 4.62577678e-03],\n",
       "        [1.15743456e-02, 9.76875663e-01, 1.15500530e-02],\n",
       "        [8.42710305e-03, 9.86401975e-01, 5.17094741e-03],\n",
       "        [3.07467803e-02, 9.36079800e-01, 3.31734456e-02],\n",
       "        [3.36750671e-02, 9.59361076e-01, 6.96392171e-03],\n",
       "        [6.59505844e-01, 3.16168785e-01, 2.43253391e-02],\n",
       "        [8.17590535e-01, 1.69142619e-01, 1.32668298e-02],\n",
       "        [2.11653439e-03, 9.96273279e-01, 1.61021505e-03],\n",
       "        [5.04657507e-01, 3.84633094e-01, 1.10709444e-01],\n",
       "        [1.35864830e-02, 9.66629148e-01, 1.97843406e-02],\n",
       "        [3.60001400e-02, 8.51685405e-01, 1.12314448e-01],\n",
       "        [8.88576686e-01, 9.86918584e-02, 1.27314767e-02],\n",
       "        [1.39133167e-03, 9.97354388e-01, 1.25426368e-03],\n",
       "        [6.61969364e-01, 2.50452399e-01, 8.75782594e-02],\n",
       "        [1.68622611e-03, 9.90322649e-01, 7.99112488e-03],\n",
       "        [9.54351109e-03, 9.82872307e-01, 7.58419884e-03],\n",
       "        [1.81579273e-02, 9.46656048e-01, 3.51859741e-02],\n",
       "        [1.29892016e-02, 9.75165308e-01, 1.18455291e-02],\n",
       "        [9.45604872e-03, 9.88090158e-01, 2.45378166e-03],\n",
       "        [8.48446608e-01, 1.15354724e-01, 3.61986011e-02],\n",
       "        [7.75931077e-03, 9.71413612e-01, 2.08270624e-02],\n",
       "        [1.74527382e-03, 9.81806993e-01, 1.64477546e-02],\n",
       "        [6.94861496e-03, 9.82143700e-01, 1.09077021e-02],\n",
       "        [9.45804641e-03, 9.87248600e-01, 3.29339365e-03],\n",
       "        [3.60867660e-03, 9.94912982e-01, 1.47828995e-03],\n",
       "        [3.58575489e-03, 9.92709756e-01, 3.70450201e-03],\n",
       "        [4.59307246e-03, 9.58526492e-01, 3.68803665e-02],\n",
       "        [5.50073106e-03, 9.92747009e-01, 1.75230240e-03],\n",
       "        [4.19688877e-03, 9.92711782e-01, 3.09138838e-03],\n",
       "        [3.09729553e-03, 9.94410455e-01, 2.49223830e-03],\n",
       "        [9.21414867e-02, 8.73338699e-01, 3.45198251e-02],\n",
       "        [1.43455088e-01, 7.68701911e-01, 8.78429860e-02],\n",
       "        [1.24185190e-01, 8.07709932e-01, 6.81048483e-02],\n",
       "        [7.14206845e-02, 9.11580563e-01, 1.69986822e-02],\n",
       "        [2.17165589e-01, 4.46649760e-01, 3.36184680e-01],\n",
       "        [1.70805969e-03, 9.95991886e-01, 2.30005616e-03],\n",
       "        [6.98556453e-02, 8.55468452e-01, 7.46759325e-02],\n",
       "        [2.77237110e-02, 9.55225646e-01, 1.70506183e-02],\n",
       "        [7.05704391e-01, 1.97389230e-01, 9.69063565e-02],\n",
       "        [2.81283539e-03, 9.92705882e-01, 4.48128302e-03],\n",
       "        [1.07501838e-02, 9.19407606e-01, 6.98422045e-02],\n",
       "        [9.81639046e-03, 9.86392260e-01, 3.79132363e-03],\n",
       "        [3.07404220e-01, 5.62342882e-01, 1.30252898e-01],\n",
       "        [6.27891906e-03, 9.75000739e-01, 1.87203418e-02],\n",
       "        [8.96495819e-01, 9.37341824e-02, 9.77000687e-03],\n",
       "        [8.07606336e-03, 9.87094223e-01, 4.82973456e-03],\n",
       "        [6.23938918e-01, 2.90030539e-01, 8.60305279e-02],\n",
       "        [5.50442142e-03, 9.83262658e-01, 1.12329330e-02],\n",
       "        [2.09842483e-03, 9.93440688e-01, 4.46093641e-03],\n",
       "        [4.51738713e-03, 9.82187390e-01, 1.32952752e-02],\n",
       "        [4.75914299e-01, 3.40738893e-01, 1.83346868e-01],\n",
       "        [1.78646878e-03, 9.96009469e-01, 2.20405986e-03],\n",
       "        [9.58337069e-01, 1.40831554e-02, 2.75797602e-02],\n",
       "        [1.71035540e-03, 9.96092856e-01, 2.19683838e-03],\n",
       "        [1.45533553e-03, 9.96566117e-01, 1.97856268e-03],\n",
       "        [2.24796608e-02, 9.67242599e-01, 1.02776913e-02],\n",
       "        [4.16871021e-03, 9.94112909e-01, 1.71835045e-03],\n",
       "        [4.67077531e-02, 9.45749521e-01, 7.54276803e-03],\n",
       "        [9.80817199e-01, 9.81137063e-03, 9.37134773e-03],\n",
       "        [1.00384332e-01, 7.93680668e-01, 1.05935007e-01],\n",
       "        [3.73883620e-02, 9.42635119e-01, 1.99765190e-02],\n",
       "        [6.79718778e-02, 8.74765933e-01, 5.72621524e-02],\n",
       "        [3.80080864e-02, 9.11207199e-01, 5.07847182e-02],\n",
       "        [6.61081960e-03, 9.68119264e-01, 2.52699088e-02],\n",
       "        [2.61952430e-01, 6.49324238e-01, 8.87233540e-02],\n",
       "        [4.29045372e-02, 8.99364948e-01, 5.77305034e-02],\n",
       "        [1.01477988e-02, 9.65688884e-01, 2.41633821e-02],\n",
       "        [6.68375567e-02, 8.24618757e-01, 1.08543694e-01],\n",
       "        [1.39904849e-03, 9.95779753e-01, 2.82113627e-03],\n",
       "        [4.26583225e-03, 9.91744459e-01, 3.98976449e-03],\n",
       "        [1.75398197e-02, 9.75894094e-01, 6.56607328e-03],\n",
       "        [8.86007212e-03, 9.75412369e-01, 1.57275535e-02],\n",
       "        [3.77243222e-03, 9.93424535e-01, 2.80298316e-03],\n",
       "        [4.50531334e-01, 5.02666235e-01, 4.68024202e-02],\n",
       "        [1.38954225e-03, 9.92889285e-01, 5.72113087e-03],\n",
       "        [3.08091678e-02, 9.47263122e-01, 2.19277106e-02],\n",
       "        [1.74882892e-03, 9.93927717e-01, 4.32342617e-03],\n",
       "        [1.13438211e-01, 7.33303666e-01, 1.53258100e-01],\n",
       "        [8.40333011e-03, 9.55003679e-01, 3.65930274e-02],\n",
       "        [6.47604287e-01, 3.10488850e-01, 4.19068858e-02],\n",
       "        [1.39294658e-03, 9.97097492e-01, 1.50960067e-03],\n",
       "        [1.01827616e-02, 9.60211456e-01, 2.96058021e-02],\n",
       "        [1.03257820e-02, 9.33027148e-01, 5.66470958e-02],\n",
       "        [6.10910766e-02, 9.23847139e-01, 1.50617203e-02],\n",
       "        [5.03220363e-03, 9.81117070e-01, 1.38507150e-02],\n",
       "        [3.34721357e-01, 4.74723160e-01, 1.90555453e-01],\n",
       "        [1.76440284e-03, 9.96496618e-01, 1.73896691e-03],\n",
       "        [5.55622280e-01, 3.37580323e-01, 1.06797367e-01],\n",
       "        [5.10939024e-03, 9.92708266e-01, 2.18235049e-03],\n",
       "        [1.58974640e-02, 9.22899067e-01, 6.12034723e-02],\n",
       "        [1.17069306e-02, 9.75261331e-01, 1.30317081e-02],\n",
       "        [4.32557575e-02, 8.39651942e-01, 1.17092364e-01],\n",
       "        [2.81995982e-02, 9.44041908e-01, 2.77584977e-02],\n",
       "        [2.70019751e-02, 5.72496295e-01, 4.00501758e-01],\n",
       "        [7.11905584e-03, 9.42936480e-01, 4.99444529e-02],\n",
       "        [1.69945005e-02, 9.68133748e-01, 1.48717454e-02],\n",
       "        [2.45693043e-01, 7.17371643e-01, 3.69352959e-02],\n",
       "        [7.99673237e-03, 9.74725544e-01, 1.72777437e-02],\n",
       "        [2.50912253e-02, 8.95807385e-01, 7.91014358e-02],\n",
       "        [1.05086723e-02, 9.71833110e-01, 1.76582281e-02],\n",
       "        [9.08240750e-02, 8.18085253e-01, 9.10906196e-02],\n",
       "        [4.48135078e-01, 3.67018521e-01, 1.84846431e-01],\n",
       "        [4.29592319e-02, 7.83904850e-01, 1.73135892e-01],\n",
       "        [3.08721978e-03, 9.93319869e-01, 3.59288906e-03],\n",
       "        [1.50643587e-01, 7.90296435e-01, 5.90599328e-02],\n",
       "        [1.29749943e-02, 9.80005741e-01, 7.01928791e-03],\n",
       "        [2.57314160e-03, 9.95803773e-01, 1.62312784e-03],\n",
       "        [7.50906905e-03, 9.80296195e-01, 1.21947415e-02],\n",
       "        [4.56326781e-03, 9.86449301e-01, 8.98747984e-03],\n",
       "        [9.78160203e-01, 1.50146196e-02, 6.82518771e-03],\n",
       "        [1.05169892e-01, 6.79526865e-01, 2.15303287e-01],\n",
       "        [3.14889997e-01, 5.54337144e-01, 1.30772844e-01],\n",
       "        [9.97132342e-03, 9.86509383e-01, 3.51922866e-03],\n",
       "        [3.39051858e-02, 9.61419582e-01, 4.67521790e-03],\n",
       "        [1.75293922e-01, 7.56932080e-01, 6.77739903e-02],\n",
       "        [4.68061626e-01, 4.30539817e-01, 1.01398587e-01],\n",
       "        [8.68426636e-03, 9.80262041e-01, 1.10537391e-02],\n",
       "        [3.41012538e-03, 9.95016396e-01, 1.57347007e-03],\n",
       "        [2.76434552e-02, 9.52035785e-01, 2.03207973e-02],\n",
       "        [9.30297434e-01, 5.59266470e-02, 1.37759214e-02],\n",
       "        [7.95517325e-01, 1.10026203e-01, 9.44564641e-02],\n",
       "        [2.83174694e-01, 5.84588468e-01, 1.32236898e-01],\n",
       "        [7.22959861e-02, 7.59888351e-01, 1.67815700e-01],\n",
       "        [8.85374844e-01, 9.25901607e-02, 2.20349506e-02],\n",
       "        [1.84476888e-03, 9.96623278e-01, 1.53195811e-03],\n",
       "        [2.29621539e-03, 9.96338248e-01, 1.36555301e-03],\n",
       "        [5.13648152e-01, 4.33537722e-01, 5.28141260e-02],\n",
       "        [1.91151369e-02, 9.01181757e-01, 7.97031149e-02],\n",
       "        [1.32066687e-03, 9.94762957e-01, 3.91646009e-03],\n",
       "        [5.31920910e-01, 3.93353432e-01, 7.47256726e-02],\n",
       "        [4.39382810e-03, 9.86579835e-01, 9.02638957e-03],\n",
       "        [1.35945249e-03, 9.95419025e-01, 3.22153466e-03],\n",
       "        [2.81537976e-02, 9.39004481e-01, 3.28417011e-02],\n",
       "        [1.05596951e-03, 9.97763634e-01, 1.18040212e-03],\n",
       "        [1.17677590e-02, 9.84431326e-01, 3.80097865e-03],\n",
       "        [3.18394997e-03, 9.85966027e-01, 1.08499816e-02],\n",
       "        [1.99918565e-03, 9.94257927e-01, 3.74281011e-03],\n",
       "        [9.87857301e-03, 9.82656598e-01, 7.46489922e-03],\n",
       "        [8.79570782e-01, 1.12649731e-01, 7.77953258e-03],\n",
       "        [1.67587493e-03, 9.96288061e-01, 2.03609490e-03],\n",
       "        [7.72078801e-03, 9.84600008e-01, 7.67918490e-03],\n",
       "        [1.93761650e-03, 9.94900644e-01, 3.16174957e-03],\n",
       "        [1.00423554e-02, 9.86125767e-01, 3.83192021e-03],\n",
       "        [2.31270567e-02, 9.57516313e-01, 1.93566419e-02],\n",
       "        [1.32477190e-03, 9.93688047e-01, 4.98719839e-03],\n",
       "        [1.63319823e-03, 9.96524394e-01, 1.84237584e-03],\n",
       "        [6.34444281e-02, 8.97146225e-01, 3.94093506e-02],\n",
       "        [1.83858573e-02, 9.78374779e-01, 3.23931081e-03],\n",
       "        [4.44808742e-03, 9.93365586e-01, 2.18631211e-03],\n",
       "        [5.10133663e-03, 9.89051104e-01, 5.84762916e-03],\n",
       "        [2.17980752e-03, 9.90477800e-01, 7.34238420e-03],\n",
       "        [2.11370196e-02, 9.31290150e-01, 4.75727916e-02],\n",
       "        [2.50086701e-03, 9.76861775e-01, 2.06373744e-02],\n",
       "        [3.59445930e-01, 6.10903800e-01, 2.96502542e-02],\n",
       "        [4.81595919e-02, 8.84026706e-01, 6.78137317e-02],\n",
       "        [1.96385179e-02, 9.66164351e-01, 1.41971251e-02],\n",
       "        [3.41689028e-02, 9.54100907e-01, 1.17301587e-02],\n",
       "        [1.59060792e-03, 9.95992899e-01, 2.41648941e-03],\n",
       "        [9.68476593e-01, 2.78381165e-02, 3.68532049e-03],\n",
       "        [9.65595804e-03, 9.75520015e-01, 1.48240207e-02],\n",
       "        [1.26524359e-01, 7.48375535e-01, 1.25100061e-01],\n",
       "        [1.11577623e-02, 9.73839879e-01, 1.50024164e-02],\n",
       "        [1.00074699e-02, 9.83875573e-01, 6.11694762e-03],\n",
       "        [6.57404140e-02, 9.13405359e-01, 2.08541900e-02],\n",
       "        [1.86220668e-02, 9.63835895e-01, 1.75420120e-02],\n",
       "        [9.66800153e-01, 1.71280205e-02, 1.60718076e-02],\n",
       "        [4.97688912e-02, 6.65814638e-01, 2.84416497e-01],\n",
       "        [8.78968596e-01, 1.00802474e-01, 2.02289950e-02],\n",
       "        [6.96203113e-01, 1.50966272e-01, 1.52830571e-01],\n",
       "        [1.87763661e-01, 6.82394624e-01, 1.29841715e-01],\n",
       "        [9.30699054e-03, 9.85851347e-01, 4.84169228e-03],\n",
       "        [9.00096670e-02, 8.53800893e-01, 5.61894886e-02],\n",
       "        [1.87844280e-02, 9.73788977e-01, 7.42660137e-03],\n",
       "        [1.36037380e-01, 8.26700270e-01, 3.72623354e-02],\n",
       "        [2.45903909e-01, 7.19380021e-01, 3.47160138e-02],\n",
       "        [1.14016913e-01, 8.33112240e-01, 5.28708659e-02],\n",
       "        [7.28573278e-02, 9.12818074e-01, 1.43245729e-02],\n",
       "        [2.39913189e-03, 9.94500756e-01, 3.10011674e-03],\n",
